-1.000000 0.000000
-0.980000 0.492099
-0.960000 0.159126
-0.940000 0.085041
-0.920000 0.054595
-0.900000 0.038468
-0.880000 0.028636
-0.860000 0.022081
-0.840000 0.017431
-0.820000 0.013978
-0.800000 0.011325
-0.780000 0.009228
-0.760000 0.007535
-0.740000 0.006142
-0.720000 0.004978
-0.700000 0.003993
-0.680000 0.003150
-0.660000 0.002422
-0.640000 0.001787
-0.620000 0.001230
-0.600000 0.000736
-0.580000 0.000298
-0.560000 -0.000094
-0.540000 -0.000447
-0.520000 -0.000766
-0.500000 -0.001054
-0.480000 -0.001317
-0.460000 -0.001557
-0.440000 -0.001777
-0.420000 -0.001979
-0.400000 -0.002165
-0.380000 -0.002338
-0.360000 -0.002497
-0.340000 -0.002645
-0.320000 -0.002783
-0.300000 -0.002912
-0.280000 -0.003032
-0.260000 -0.003145
-0.240000 -0.003250
-0.220000 -0.003350
-0.200000 -0.003443
-0.180000 -0.003531
-0.160000 -0.003615
-0.140000 -0.003694
-0.120000 -0.003768
-0.100000 -0.003839
-0.080000 -0.003907
-0.060000 -0.003971
-0.040000 -0.004032
-0.020000 -0.004091
0.000000 -0.004147
0.020000 -0.004200
0.040000 -0.004252
0.060000 -0.004301
0.080000 -0.004348
0.100000 -0.004394
0.120000 -0.004438
0.140000 -0.004480
0.160000 -0.004521
0.180000 -0.004561
0.200000 -0.004599
0.220000 -0.004636
0.240000 -0.004673
0.260000 -0.004708
0.280000 -0.004742
0.300000 -0.004776
0.320000 -0.004808
0.340000 -0.004840
0.360000 -0.004871
0.380000 -0.004902
0.400000 -0.004932
0.420000 -0.004961
0.440000 -0.004990
0.460000 -0.005019
0.480000 -0.005047
0.500000 -0.005074
0.520000 -0.005101
0.540000 -0.005128
0.560000 -0.005155
0.580000 -0.005181
0.600000 -0.005208
0.620000 -0.005233
0.640000 -0.005259
0.660000 -0.005285
0.680000 -0.005310
0.700000 -0.005335
0.720000 -0.005360
0.740000 -0.005386
0.760000 -0.005411
0.780000 -0.005435
0.800000 -0.005460
0.820000 -0.005485
0.840000 -0.005510
0.860000 -0.005535
0.880000 -0.005560
0.900000 -0.005585
0.920000 -0.005609
0.940000 -0.005634
0.960000 -0.005659
0.980000 -0.993482
1.000000 0.000000
