-1.000000 1.973366
-0.950000 1.956612
-0.900000 1.938920
-0.850000 1.919831
-0.800000 1.898894
-0.750000 1.875668
-0.700000 1.849716
-0.650000 1.820610
-0.600000 1.787924
-0.550000 1.751238
-0.500000 1.710140
-0.450000 1.664220
-0.400000 1.613079
-0.350000 1.556324
-0.300000 1.493578
-0.250000 1.424477
-0.200000 1.348679
-0.150000 1.265867
-0.100000 1.175755
-0.050000 1.078096
0.000000 0.972687
0.050000 0.859378
0.100000 0.738079
0.150000 0.608766
0.200000 0.471489
0.250000 0.326373
0.300000 0.173627
0.350000 0.013544
0.400000 -0.153500
0.450000 -0.327046
0.500000 -0.506558
0.550000 -0.691428
0.600000 -0.880986
0.650000 -1.074507
0.700000 -1.271228
0.750000 -1.470356
0.800000 -1.671084
0.850000 -1.872604
0.900000 -2.074119
0.950000 -2.274861
1.000000 -2.474093
1.050000 -2.671128
1.100000 -2.865332
1.150000 -3.056131
1.200000 -3.243020
1.250000 -3.425558
1.300000 -3.603379
1.350000 -3.776182
1.400000 -3.943737
1.450000 -4.105876
1.500000 -4.262496
1.550000 -4.413548
1.600000 -4.559036
1.650000 -4.699007
1.700000 -4.833553
1.750000 -4.962797
1.800000 -5.086893
1.850000 -5.206016
1.900000 -5.320361
1.950000 -5.430131
2.000000 -5.535541
2.050000 -5.636805
2.100000 -5.734134
2.150000 -5.827733
2.200000 -5.917796
2.250000 -6.004501
2.300000 -6.088005
2.350000 -6.168446
2.400000 -6.245933
2.450000 -6.320547
2.500000 -6.392334
2.550000 -6.461305
2.600000 -6.527434
2.650000 -6.590650
2.700000 -6.650837
2.750000 -6.707834
2.800000 -6.761426
2.850000 -6.811346
2.900000 -6.857270
2.950000 -6.898814
3.000000 -6.935535
3.050000 -6.966920
3.100000 -6.992394
3.150000 -7.011309
3.200000 -7.022945
3.250000 -7.026509
3.300000 -7.021130
3.350000 -7.005859
3.400000 -6.979667
3.450000 -6.941445
3.500000 -6.890001
3.550000 -6.824063
3.600000 -6.742276
3.650000 -6.643204
3.700000 -6.525333
3.750000 -6.387073
3.800000 -6.226759
3.850000 -6.042658
3.900000 -5.832972
3.950000 -5.595848
4.000000 -5.329379
